# .test .cputime .temperature .time_mat1 .time_mat2
1 0.001856  0.000 0.000033 0.000003
2 0.003856  0.000 0.000004 0.000003
3 0.005671  0.000 0.000034 0.000004
4 0.006730  0.487 0.000004 0.000004
5 0.008180  0.487 0.000025 0.000004
6 0.009790  0.487 0.000016 0.000004
7 0.011545  0.487 0.000027 0.000005
8 0.013187 -0.974 0.000018 0.000006
9 0.014515 -0.974 0.000028 0.000006
10 0.015963 -0.487 0.000019 0.000007
11 0.017567  0.000 0.000028 0.000007
12 0.019141 -0.487 0.000021 0.000009
13 0.020752  0.000 0.000030 0.000009
14 0.022259  0.000 0.000022 0.000011
15 0.023761  0.000 0.000032 0.000011
16 0.025349  0.974 0.000025 0.000013
17 0.026919  0.000 0.000025 0.000014
18 0.028527 -0.487 0.000036 0.000015
19 0.030071  0.000 0.000028 0.000016
20 0.031781 -0.487 0.000038 0.000018
21 0.033059 -0.487 0.000032 0.000019
22 0.036793  0.487 0.000041 0.000021
23 0.036446  0.974 0.000034 0.000023
24 0.038644  0.974 0.000044 0.000024
25 0.038923 -0.487 0.000038 0.000026
26 0.040582  0.487 0.000049 0.000028
27 0.041787  0.000 0.000041 0.000031
28 0.042928  0.974 0.000054 0.000034
29 0.048927  0.000 0.000035 0.000035
30 0.048559  0.487 0.000069 0.000040
31 0.046974  0.000 0.000039 0.000042
32 0.045082  0.487 0.000071 0.000043
33 0.046407  1.461 0.000037 0.000045
34 0.049386  0.487 0.000069 0.000049
35 0.049178  0.487 0.000042 0.000051
36 0.050548  0.487 0.000074 0.000054
37 0.059523  0.974 0.000051 0.000059
38 0.057749  0.487 0.000085 0.000060
39 0.056013  0.000 0.000052 0.000063
40 0.057517  1.461 0.000084 0.000066
41 0.059845  0.000 0.000056 0.000079
42 0.060426  1.461 0.000093 0.000073
43 0.062071  0.000 0.000061 0.000076
44 0.061203  1.461 0.000096 0.000078
45 0.062627  0.487 0.000067 0.000083
46 0.063193  0.974 0.000102 0.000086
47 0.063602  0.487 0.000073 0.000090
48 0.070097  0.974 0.000110 0.000094
49 0.066268  0.974 0.000078 0.000097
50 0.068322  1.461 0.000113 0.000101
51 0.071391  0.974 0.000084 0.000106
52 0.069853  0.487 0.000122 0.000110
53 0.070408  1.948 0.000091 0.000113
54 0.070290  0.974 0.000127 0.000118
55 0.071762 -0.487 0.000104 0.000123
56 0.073177 -0.487 0.000124 0.000125
57 0.072890  1.461 0.000119 0.000130
58 0.075958  0.974 0.000131 0.000134
59 0.077546  0.487 0.000126 0.000138
60 0.078409  0.974 0.000138 0.000143
61 0.078335  0.487 0.000133 0.000147
62 0.080109  1.948 0.000145 0.000152
63 0.081418  1.948 0.000141 0.000156
64 0.082517  1.461 0.000154 0.000159
65 0.088651  1.948 0.000156 0.000165
66 0.085451  0.974 0.000162 0.000170
67 0.084931  1.461 0.000158 0.000174
68 0.086111  1.461 0.000172 0.000179
69 0.085767  0.974 0.000166 0.000184
70 0.087387  1.461 0.000170 0.000189
71 0.089676  1.461 0.000183 0.000194
72 0.088220  1.948 0.000179 0.000201
73 0.090788  0.974 0.000192 0.000205
74 0.094358  0.487 0.000188 0.000210
75 0.103074  1.461 0.000214 0.000234
76 0.101642  1.948 0.000197 0.000221
77 0.097185  1.948 0.000256 0.000226
78 0.102821  1.461 0.000232 0.000233
79 0.102568  3.409 0.000228 0.000238
80 0.098089  2.435 0.000216 0.000244
81 0.097296  0.974 0.000230 0.000251
82 0.098750  2.435 0.000209 0.000256
83 0.101401  2.435 0.000291 0.000262
84 0.103260  1.461 0.000220 0.000268
85 0.103094  2.435 0.000304 0.000276
86 0.103047  2.435 0.000230 0.000282
87 0.104283  2.435 0.000271 0.000290
88 0.106519  2.435 0.000242 0.000296
89 0.104115  1.461 0.000279 0.000303
90 0.107947  2.435 0.000251 0.000310
91 0.107888  2.435 0.000289 0.000317
92 0.108202  2.435 0.000264 0.000326
93 0.109126  2.922 0.000303 0.000331
94 0.118646  2.922 0.000274 0.000338
95 0.112926  1.948 0.000323 0.000344
96 0.113697  1.948 0.000294 0.000353
97 0.113027  2.435 0.000327 0.000359
98 0.116710  1.948 0.000297 0.000407
99 0.116641  1.461 0.000337 0.000374
100 0.119220  2.435 0.000309 0.000384
101 0.117727  2.435 0.000391 0.000389
102 0.120895  2.435 0.000322 0.000396
103 0.120346  1.948 0.000362 0.000439
104 0.121722  2.922 0.000357 0.000418
105 0.120250  2.922 0.000374 0.000420
106 0.122924  1.948 0.000358 0.000429
107 0.126649  3.896 0.000429 0.000436
108 0.136739  2.435 0.000380 0.000486
109 0.130940  2.435 0.000391 0.000450
110 0.130422  2.922 0.000465 0.000477
111 0.141126  3.409 0.000417 0.000479
112 0.128850  3.409 0.000401 0.000475
113 0.127776  2.435 0.000461 0.000483
114 0.130806  3.409 0.000418 0.000493
115 0.133221  3.409 0.000433 0.000500
116 0.135001  3.409 0.000431 0.000509
117 0.134977  2.922 0.000448 0.000519
118 0.137057  3.409 0.000445 0.000532
119 0.139577  2.435 0.000463 0.000536
120 0.137028  3.896 0.000458 0.000553
121 0.136714  2.922 0.000467 0.000558
122 0.139162  3.409 0.000484 0.000572
123 0.140348  2.435 0.000481 0.000572
124 0.141884  2.435 0.000501 0.000581
125 0.143879  2.922 0.000496 0.000591
126 0.145236  2.922 0.000513 0.000602
127 0.150165  3.896 0.000531 0.000609
128 0.145005  3.409 0.000534 0.000619
129 0.144275  3.409 0.000527 0.000628
130 0.148166  2.922 0.000543 0.000639
131 0.148596  2.922 0.000560 0.000649
132 0.150361  2.922 0.000578 0.000674
133 0.149704  1.948 0.000543 0.000720
134 0.150975  3.409 0.000625 0.000694
135 0.154548  2.435 0.000560 0.000691
136 0.153219  4.383 0.000606 0.000700
137 0.153717  2.435 0.000578 0.000713
138 0.157117  2.922 0.000622 0.000723
139 0.157556  3.409 0.000595 0.000731
140 0.159938  2.922 0.000637 0.000744
141 0.157270  3.409 0.000609 0.000822
142 0.159563  3.896 0.000658 0.000765
143 0.178048  4.383 0.000772 0.001059
144 0.165491  4.383 0.000670 0.000788
145 0.169745  3.409 0.000645 0.000800
146 0.174102  3.409 0.000709 0.000816
147 0.164617  3.896 0.000667 0.000822
148 0.166242  3.896 0.000706 0.000848
149 0.166243  3.409 0.000680 0.000845
150 0.178327  4.383 0.000768 0.000857
151 0.170599  3.896 0.000701 0.001062
152 0.170421  3.409 0.000779 0.000880
153 0.170837  4.383 0.000718 0.000890
154 0.173763  3.409 0.000766 0.000904
155 0.175484  4.870 0.000738 0.000916
156 0.174866  4.383 0.000781 0.000927
157 0.175615  3.409 0.000781 0.000939
158 0.174031  3.896 0.000801 0.000975
159 0.177247  3.896 0.000775 0.000962
160 0.179966  3.896 0.000841 0.000982
161 0.190777  4.383 0.000902 0.001240
162 0.183855  3.896 0.000874 0.000998
163 0.186118  3.896 0.000868 0.001190
164 0.193399  3.896 0.000855 0.001028
165 0.193614  4.383 0.000851 0.001052
166 0.191153  3.896 0.000925 0.001049
167 0.191831  4.870 0.000912 0.001083
168 0.196837  4.383 0.000896 0.001074
169 0.191893  3.896 0.000895 0.001086
170 0.198425  4.383 0.000917 0.001100
171 0.197674  4.383 0.000935 0.001236
172 0.208126  4.383 0.000928 0.001128
173 0.199174  3.896 0.000948 0.001348
174 0.201953  3.896 0.000947 0.001155
175 0.199992  3.409 0.001008 0.001178
176 0.201274  4.383 0.001026 0.001190
177 0.206065  4.870 0.000990 0.001257
178 0.204721  3.409 0.000992 0.001228
179 0.207773  4.383 0.001055 0.001226
180 0.206860  4.383 0.001016 0.001249
181 0.213620  4.383 0.001095 0.001256
182 0.220327  4.870 0.001034 0.001261
183 0.234083  3.896 0.001095 0.001282
184 0.223911  3.896 0.001037 0.001292
185 0.229219  5.844 0.001124 0.001311
186 0.223849  4.870 0.001105 0.001325
187 0.231283  6.331 0.001152 0.001343
188 0.227514  4.383 0.001088 0.001358
189 0.224551  4.383 0.001136 0.001414
190 0.225677  5.357 0.001183 0.001414
191 0.222702  4.383 0.001157 0.001402
192 0.235920  4.870 0.001172 0.001420
193 0.223969  5.357 0.001224 0.001431
194 0.227151  4.383 0.001196 0.001479
195 0.236194  3.896 0.001244 0.001474
196 0.230938  4.870 0.001187 0.001498
197 0.227641  4.870 0.001230 0.001499
198 0.230598  5.844 0.001227 0.001850
199 0.236003  5.357 0.001256 0.001548
200 0.231223  4.383 0.001228 0.001557
201 0.230395  4.870 0.001279 0.001658
202 0.234069  4.383 0.001253 0.001585
203 0.236773  4.870 0.001305 0.001628
204 0.253011  5.357 0.001280 0.001645
205 0.236157  5.357 0.001368 0.001662
206 0.238186  3.896 0.001305 0.001953
207 0.239655  4.383 0.001378 0.001661
208 0.240220  5.357 0.001369 0.001702
209 0.240485  4.870 0.001415 0.001712
210 0.244225  5.357 0.001487 0.001747
211 0.243724  4.383 0.001436 0.001748
212 0.246986  5.357 0.001435 0.001826
213 0.242848  3.896 0.001460 0.001770
214 0.245242  4.870 0.001490 0.001809
215 0.261175  4.383 0.001605 0.002425
216 0.254434  4.383 0.001541 0.001914
217 0.247556  4.383 0.001604 0.001849
218 0.250668  4.870 0.001518 0.001892
219 0.254207  4.870 0.001632 0.002464
220 0.252864  4.870 0.001535 0.001940
221 0.254705  5.844 0.001599 0.001923
222 0.255953  4.870 0.001605 0.002291
223 0.255626  4.870 0.001617 0.001970
224 0.276123  5.844 0.001648 0.002001
225 0.256173  5.357 0.001623 0.002012
226 0.258313  3.896 0.001681 0.002050
227 0.259528  5.357 0.001609 0.002159
228 0.264180  4.383 0.001634 0.002130
229 0.260525  5.357 0.001696 0.002112
230 0.264451  5.844 0.001667 0.002229
231 0.263001  5.357 0.001751 0.002136
232 0.263388  5.357 0.001739 0.002176
233 0.263995  5.844 0.001747 0.002185
234 0.282460  5.357 0.001767 0.002428
235 0.268008  6.331 0.001911 0.002283
236 0.268333  5.357 0.001812 0.002282
237 0.270024  6.331 0.001833 0.003106
238 0.274578  5.357 0.001889 0.002421
239 0.275838  6.331 0.001878 0.002427
240 0.272714  4.870 0.001900 0.002433
241 0.270879  6.331 0.001837 0.002405
242 0.273375  5.357 0.002011 0.002396
243 0.275124  5.357 0.001977 0.002455
244 0.276238  5.844 0.001962 0.002455
245 0.277192  4.870 0.001935 0.002481
246 0.276859  4.383 0.002032 0.002488
247 0.278550  4.870 0.001971 0.002576
248 0.280612  6.331 0.002062 0.002542
249 0.282446  5.357 0.002080 0.002872
250 0.282467  5.357 0.002068 0.002807
251 0.283723  5.844 0.002035 0.002707
252 0.295950  5.844 0.002129 0.002787
253 0.285345  5.357 0.002069 0.002783
254 0.281815  5.844 0.002180 0.002889
255 0.297558  5.357 0.002102 0.002784
256 0.289267  6.331 0.002206 0.002752
257 0.298988  4.870 0.002203 0.002777
258 0.296635  5.357 0.002200 0.002841
259 0.291475  5.357 0.002171 0.002974
260 0.295193  5.844 0.002339 0.002873
261 0.294409  5.844 0.002257 0.002978
262 0.291580  5.844 0.002303 0.002979
263 0.295733  5.357 0.002263 0.003058
264 0.293986  6.331 0.002300 0.003076
265 0.296272  5.844 0.002278 0.003032
266 0.297948  5.844 0.002329 0.003099
267 0.298935  5.844 0.002269 0.003166
268 0.300122  5.844 0.002339 0.003155
269 0.308563  4.870 0.002305 0.003212
270 0.303494  7.305 0.002336 0.003283
271 0.302666  6.818 0.002420 0.003220
272 0.308148  5.357 0.002484 0.003210
273 0.302724  5.357 0.002479 0.003235
274 0.305635  5.357 0.002477 0.003328
275 0.304011  5.844 0.002461 0.003317
276 0.308455  6.331 0.002471 0.003409
277 0.310385  6.331 0.002585 0.003608
278 0.314796  5.844 0.002461 0.003455
279 0.310392  5.844 0.002834 0.004143
280 0.312109  5.844 0.002597 0.003471
281 0.317083  6.331 0.002617 0.003680
282 0.312082  5.844 0.002645 0.003682
283 0.317887  5.844 0.002621 0.003605
284 0.325818  6.818 0.002673 0.004516
285 0.316784  6.331 0.002690 0.003802
286 0.315885  7.305 0.002730 0.003671
287 0.317407  6.331 0.002791 0.003783
288 0.321990  5.844 0.002642 0.003780
289 0.320616  5.844 0.002835 0.003823
290 0.326476  6.818 0.002780 0.003822
291 0.322102  5.844 0.002748 0.003925
292 0.322220  6.331 0.002719 0.003951
293 0.322922  5.844 0.002917 0.004019
294 0.323069  6.331 0.002858 0.004153
295 0.323639  5.357 0.002978 0.003983
296 0.325878  5.844 0.002891 0.004018
297 0.333901  5.844 0.002966 0.004175
298 0.334597  6.331 0.002843 0.004124
299 0.340971  6.331 0.003152 0.004695
300 0.332570  6.331 0.002977 0.004272
301 0.329271  6.331 0.003088 0.004215
302 0.336232  6.818 0.002983 0.004210
303 0.348365  5.844 0.003135 0.004330
304 0.339401  6.331 0.003096 0.004361
305 0.339251  6.331 0.003167 0.004377
306 0.339251  6.818 0.003135 0.004406
307 0.337072  6.331 0.003197 0.004433
308 0.342971  6.331 0.003171 0.004524
309 0.338519  5.844 0.003292 0.004486
310 0.344833  6.331 0.003228 0.004620
311 0.340013  5.357 0.003300 0.004530
312 0.340768  6.818 0.003302 0.004581
313 0.340635  5.844 0.003229 0.004702
314 0.355052  5.844 0.003231 0.004697
315 0.346525  6.331 0.003361 0.004823
316 0.347847  6.818 0.003334 0.004813
317 0.348326  7.305 0.003293 0.004773
318 0.344204  6.818 0.003402 0.005104
319 0.361303  6.331 0.003419 0.004877
320 0.348635  5.844 0.003409 0.004945
321 0.349430  5.844 0.003478 0.004983
322 0.358379  7.305 0.003386 0.004913
323 0.364378  6.818 0.003373 0.005256
324 0.353222  5.844 0.003378 0.005108
325 0.352890  7.305 0.003606 0.005028
326 0.354620  6.331 0.003520 0.005082
327 0.355754  6.331 0.003470 0.005183
328 0.371893  7.305 0.003697 0.006057
329 0.359588  6.818 0.003469 0.005179
330 0.369840  6.331 0.003821 0.005963
331 0.368784  7.305 0.003565 0.005326
332 0.360824  6.331 0.003720 0.005399
333 0.359855  6.818 0.003582 0.005393
334 0.361744  7.305 0.003606 0.005376
335 0.379459  7.305 0.003671 0.005518
336 0.366175  6.818 0.003755 0.005535
337 0.362836  5.844 0.003672 0.005566
338 0.366435  6.818 0.003698 0.005632
339 0.372018  7.305 0.003673 0.005650
340 0.367956  6.818 0.003810 0.005753
341 0.377985  6.818 0.003699 0.005877
342 0.371108  6.818 0.003773 0.005809
343 0.370453  6.818 0.003725 0.005903
344 0.373525  7.792 0.003813 0.005895
345 0.371522  6.818 0.003825 0.005906
346 0.374135  6.331 0.003863 0.005930
347 0.376750  6.818 0.003877 0.005929
348 0.375998  5.844 0.003895 0.006002
349 0.374976  6.331 0.003964 0.006029
350 0.387019  7.792 0.004036 0.006016
351 0.384676  6.331 0.003871 0.006210
352 0.380201  6.818 0.003971 0.006268
353 0.379156  6.818 0.003945 0.006253
354 0.391181  6.331 0.004020 0.006236
355 0.386033  7.305 0.004009 0.006310
356 0.394297  7.305 0.004259 0.007512
357 0.384065  6.818 0.004035 0.006534
358 0.383885  7.305 0.004104 0.006609
359 0.384547  7.305 0.004043 0.006639
360 0.388813  6.818 0.004143 0.006615
361 0.391885  7.305 0.004189 0.006477
362 0.400567  7.305 0.004235 0.006563
363 0.391844  7.792 0.004289 0.006698
364 0.392989  6.818 0.004362 0.006711
365 0.391076  6.818 0.004398 0.006758
366 0.413493  7.305 0.004394 0.006767
367 0.394497  7.792 0.004483 0.006750
368 0.394345  7.305 0.004448 0.006848
369 0.408651  7.792 0.004456 0.006779
370 0.397104  7.792 0.004481 0.006904
371 0.401378  6.331 0.004539 0.006913
372 0.402329  7.305 0.004538 0.007031
373 0.400381  6.818 0.004403 0.007130
374 0.405334  6.818 0.004577 0.007177
375 0.401299  7.792 0.004602 0.007172
376 0.405262  7.792 0.004546 0.007480
377 0.406048  7.305 0.004584 0.007382
378 0.424136  7.305 0.004651 0.007224
379 0.409785  6.818 0.004668 0.007326
380 0.416957  8.279 0.004723 0.008212
381 0.411189  7.305 0.004680 0.007631
382 0.408417  7.305 0.004701 0.007338
383 0.409987  7.792 0.004803 0.007423
384 0.414142  7.305 0.004637 0.007542
385 0.416736  7.305 0.004774 0.007666
386 0.414202  6.818 0.004796 0.007638
387 0.417074  7.305 0.004859 0.007661
388 0.419766  7.305 0.004831 0.007784
389 0.415722  7.305 0.004926 0.007827
390 0.427130  7.792 0.004980 0.008060
391 0.420665  7.305 0.004983 0.007852
392 0.425250  8.279 0.004925 0.007913
393 0.417771  8.279 0.005052 0.007958
394 0.430597  7.305 0.004954 0.008121
395 0.433200  7.792 0.005061 0.008035
396 0.425189  7.792 0.005112 0.008101
397 0.440153  7.305 0.005094 0.008227
398 0.424717  7.305 0.005083 0.008134
399 0.427622  7.305 0.005119 0.008325
400 0.427350  8.279 0.005156 0.008678
401 0.456305  8.766 0.005196 0.008309
402 0.442572  8.279 0.005213 0.008825
403 0.446769  6.818 0.005242 0.008500
404 0.439864  8.766 0.005260 0.008477
405 0.432435  7.792 0.005274 0.008587
406 0.434522  7.792 0.005148 0.008676
407 0.432634  7.792 0.005254 0.008592
408 0.440385  7.305 0.005191 0.008877
409 0.435486  8.279 0.005407 0.008625
410 0.447149  8.766 0.005344 0.008663
411 0.443852  6.818 0.005459 0.008895
412 0.458483  8.766 0.005483 0.008802
413 0.449271  7.305 0.005510 0.008879
414 0.443523  8.279 0.005496 0.009048
415 0.449899  8.279 0.005609 0.008838
416 0.453451  7.792 0.005589 0.008906
417 0.445665  8.279 0.005577 0.009076
418 0.448486  7.792 0.005676 0.009016
419 0.456346  7.792 0.005675 0.009101
420 0.447710  8.766 0.005687 0.009231
421 0.450471  7.792 0.005552 0.009194
422 0.451784  9.253 0.005667 0.009195
423 0.460495  8.279 0.005915 0.010098
424 0.453789  7.792 0.005672 0.009312
425 0.457426  8.766 0.005673 0.009463
426 0.455006  8.279 0.005670 0.009447
427 0.457809  7.305 0.005641 0.009465
428 0.451490  7.792 0.005962 0.009673
429 0.471545  7.792 0.005877 0.009735
430 0.466557  8.279 0.005928 0.009586
431 0.459275  8.766 0.005919 0.009626
432 0.456818  7.792 0.005956 0.009892
433 0.471763  7.792 0.006123 0.010716
434 0.462831  7.792 0.006000 0.009757
435 0.464269  7.792 0.005903 0.009871
436 0.484598  8.279 0.005975 0.009970
437 0.474829  7.305 0.006045 0.010206
438 0.463478  8.766 0.006094 0.009941
439 0.473203  8.279 0.006054 0.009984
440 0.469397  7.792 0.006082 0.010268
441 0.470885  7.792 0.006108 0.010135
442 0.470010  7.792 0.006034 0.010247
443 0.470158  7.792 0.006064 0.010162
444 0.488667  8.766 0.006051 0.010362
445 0.472466  8.279 0.006124 0.011246
446 0.477880  7.792 0.006244 0.010385
447 0.475018  7.305 0.006279 0.010455
448 0.475154  8.766 0.006290 0.010648
449 0.476713  9.253 0.006281 0.010897
450 0.486968  7.792 0.006383 0.010592
451 0.473951  8.279 0.006326 0.010660
452 0.487437  8.766 0.006445 0.010771
453 0.479559  8.766 0.006422 0.011057
454 0.498533  9.253 0.006460 0.010754
455 0.482800  8.279 0.006435 0.011390
456 0.485641  8.766 0.006554 0.011036
457 0.484128  7.792 0.006558 0.011069
458 0.484621  8.279 0.006598 0.011010
459 0.486039  8.766 0.006603 0.010957
460 0.494609  9.253 0.006656 0.011126
461 0.490586  8.279 0.006700 0.011223
462 0.487473  8.766 0.006670 0.011126
463 0.489445  8.766 0.006671 0.011310
464 0.494534  9.253 0.006783 0.011259
465 0.505479  9.740 0.006797 0.011305
466 0.504300  7.792 0.006776 0.011519
467 0.491316  8.279 0.006826 0.011517
468 0.495294  7.792 0.006898 0.011481
469 0.497846  8.766 0.006927 0.011599
470 0.497202  7.792 0.006925 0.011584
471 0.496745  9.253 0.006945 0.011983
472 0.505298  8.279 0.006992 0.011757
473 0.511852  8.279 0.007027 0.011691
474 0.500434  9.253 0.006965 0.011765
475 0.508445  8.766 0.007041 0.011889
476 0.504145  8.766 0.007098 0.011829
477 0.506228  8.766 0.007061 0.012167
478 0.512918  8.279 0.007164 0.012074
479 0.504460  8.279 0.007277 0.012294
480 0.504509  8.279 0.007158 0.012081
481 0.507401  7.792 0.007205 0.012091
482 0.509560  8.279 0.007217 0.012287
483 0.534652  8.766 0.007304 0.012385
484 0.523282  8.279 0.007301 0.012336
485 0.518907  8.279 0.007158 0.012413
486 0.511927  8.766 0.007440 0.012467
487 0.518513  8.279 0.007414 0.012588
488 0.519609  8.766 0.007473 0.012894
489 0.523201  8.766 0.007240 0.012736
490 0.515862  9.253 0.007545 0.012772
491 0.516444  9.253 0.007275 0.012696
492 0.532561  8.279 0.007343 0.013003
493 0.514918  9.253 0.007431 0.012947
494 0.521436  8.766 0.007470 0.012984
495 0.528189  7.792 0.007510 0.013194
496 0.522838  8.766 0.007618 0.013196
497 0.521589  8.279 0.008008 0.013062
498 0.522908  9.253 0.007518 0.013160
499 0.606014  8.766 0.007730 0.013237
500 0.613821  8.766 0.007561 0.013302
